LineNo,TimeUS,Subsys,ECode
2.1494e+05,1.7772e+08,10,3
2.2663e+05,1.8041e+08,10,3
3.2471e+05,2.0386e+08,6,1
4.9965e+05,2.4718e+08,6,1
